[gd_scene load_steps=29 format=2]

[ext_resource path="res://Global.gd" type="Script" id=1]
[ext_resource path="res://Player/Player.tscn" type="PackedScene" id=2]
[ext_resource path="res://Torch/torch.tscn" type="PackedScene" id=3]
[ext_resource path="res://UI/Menu.tscn" type="PackedScene" id=4]
[ext_resource path="res://Rooms/Southwestern Passage.tscn" type="PackedScene" id=5]
[ext_resource path="res://Rooms/Western Passage.tscn" type="PackedScene" id=6]
[ext_resource path="res://Rooms/Eastern Passage.tscn" type="PackedScene" id=7]
[ext_resource path="res://Rooms/Cental Chamber.tscn" type="PackedScene" id=8]
[ext_resource path="res://Rooms/North Passage.tscn" type="PackedScene" id=9]
[ext_resource path="res://Rooms/Chasm's Edge.tscn" type="PackedScene" id=10]
[ext_resource path="res://Rooms/Dead End.tscn" type="PackedScene" id=11]
[ext_resource path="res://Rooms/Snake Tunnel Connection.tscn" type="PackedScene" id=12]
[ext_resource path="res://Rooms/North Chamber.tscn" type="PackedScene" id=13]
[ext_resource path="res://Assets/Materials/Ground/Concrete044C_1K_Roughness.jpg" type="Texture" id=14]
[ext_resource path="res://Assets/Materials/Ground/Concrete044C_1K_AmbientOcclusion.jpg" type="Texture" id=15]
[ext_resource path="res://Assets/Materials/Ground/Concrete044C_1K_NormalGL.jpg" type="Texture" id=16]
[ext_resource path="res://Assets/Materials/Ground/Concrete044C_1K_Color.jpg" type="Texture" id=17]
[ext_resource path="res://Assets/Materials/Ground/Concrete044C_1K_Metalness.jpg" type="Texture" id=18]
[ext_resource path="res://Rooms/Reverse Chamber.tscn" type="PackedScene" id=19]
[ext_resource path="res://Rooms/Lake.tscn" type="PackedScene" id=20]
[ext_resource path="res://Rooms/Connection Tunnel.tscn" type="PackedScene" id=21]
[ext_resource path="res://Assets/Water/others_0020_ao_1k.jpg" type="Texture" id=22]
[ext_resource path="res://Assets/Water/others_0020_roughness_1k.jpg" type="Texture" id=23]
[ext_resource path="res://Assets/Water/others_0020_normal_directx_1k.png" type="Texture" id=24]
[ext_resource path="res://Assets/Water/others_0020_color_1k.jpg" type="Texture" id=25]

[sub_resource type="Environment" id=10]
background_mode = 2
ambient_light_energy = 10.46

[sub_resource type="SpatialMaterial" id=8]
albedo_texture = ExtResource( 17 )
metallic_texture = ExtResource( 18 )
roughness_texture = ExtResource( 14 )
normal_enabled = true
normal_scale = 1.0
normal_texture = ExtResource( 16 )
ao_enabled = true
ao_light_affect = 0.0
ao_texture = ExtResource( 15 )
ao_on_uv2 = false
ao_texture_channel = 0

[sub_resource type="SpatialMaterial" id=9]
albedo_texture = ExtResource( 25 )
metallic = 0.61
roughness_texture = ExtResource( 23 )
normal_enabled = true
normal_scale = 1.0
normal_texture = ExtResource( 24 )
ao_enabled = true
ao_light_affect = 0.0
ao_texture = ExtResource( 22 )
ao_on_uv2 = false
ao_texture_channel = 0

[node name="Game" type="Spatial"]
script = ExtResource( 1 )

[node name="WorldEnvironment" type="WorldEnvironment" parent="."]
environment = SubResource( 10 )

[node name="Maze" type="Spatial" parent="."]

[node name="Ground" type="StaticBody" parent="Maze"]

[node name="Chasm" type="CSGBox" parent="Maze/Ground"]
transform = Transform( 1, 0, 0, 0, 1, 0, 0, 0, 1, 0, -1, 0 )
use_collision = true
width = 200.0
depth = 200.0
material = SubResource( 8 )

[node name="CSGCylinder" type="CSGCylinder" parent="Maze/Ground/Chasm"]
transform = Transform( 0.881164, 0, 0, 0, 0.881164, 0, 0, 0, 0.881164, -24.5, 0, -28 )
operation = 2
radius = 14.728
height = 4.0
sides = 13

[node name="CSGSphere" type="CSGSphere" parent="Maze/Ground/Chasm/CSGCylinder"]
transform = Transform( 1, 0, 0, 0, 0.875553, 0, 0, 0, 0.793739, 8.5, 0, 9 )
operation = 2
radius = 8.0

[node name="Lake Cratre" type="CSGSphere" parent="Maze/Ground/Chasm"]
transform = Transform( 1, 0, 0, 0, 1, 0, 0, 0, 1, -7.4, 2, -45 )
operation = 2
radius = 6.0
radial_segments = 30
material = SubResource( 8 )

[node name="Lake bottom" type="CSGSphere" parent="Maze/Ground/Chasm"]
transform = Transform( 1, 0, 0, 0, 1, 0, 0, 0, 1, -7.4, 2, -45 )
radius = 6.0
radial_segments = 30
material = SubResource( 8 )

[node name="CSGBox" type="CSGBox" parent="Maze/Ground/Chasm/Lake bottom"]
transform = Transform( 1, 0, 0, 0, 1, 0, 0, 0, 1, 0, 5, 0 )
operation = 2
width = 12.0
height = 12.0
depth = 12.0
material = SubResource( 8 )

[node name="CSGSphere" type="CSGSphere" parent="Maze/Ground/Chasm/Lake bottom"]
operation = 2
radius = 5.85
radial_segments = 30
material = SubResource( 8 )

[node name="CSGBox2" type="CSGBox" parent="Maze/Ground/Chasm/Lake bottom"]
transform = Transform( 1, 0, 0, 0, 1, 0, 0, 0, 1, 0, -3, 0 )
width = 12.0
depth = 12.0
material = SubResource( 8 )

[node name="Water" type="CSGBox" parent="Maze/Ground"]
transform = Transform( 1, 0, 0, 0, 1, 0, 0, 0, 1, -7.4, -1.2, -45 )
width = 12.0
depth = 12.0
material = SubResource( 9 )

[node name="Cental Chamber2" parent="Maze" instance=ExtResource( 8 )]

[node name="Southwestern Passage" parent="Maze" instance=ExtResource( 5 )]
transform = Transform( 0.766044, 0, 0.642788, 0, 1, 0, -0.642788, 0, 0.766044, -10.631, 0, -12.206 )

[node name="Western Passage" parent="Maze" instance=ExtResource( 6 )]
transform = Transform( -0.965926, 0, 0.258819, 0, 1, 0, -0.258819, 0, -0.965926, 3.893, 0, -15.839 )

[node name="Snake Tunnel Connection" parent="Maze/Western Passage" instance=ExtResource( 12 )]

[node name="Southeastern Passage" parent="Maze" instance=ExtResource( 5 )]
transform = Transform( -0.642788, 0, 0.766044, 0, 1, 0, -0.766044, 0, -0.642788, -12.137, 0, 10.6 )

[node name="Connection Tunnel" parent="Maze/Southeastern Passage" instance=ExtResource( 21 )]

[node name="Eastern Passage" parent="Maze" instance=ExtResource( 7 )]
transform = Transform( 0.984808, 0, 0.173648, 0, 1, 0, -0.173648, 0, 0.984808, 2.915, 0, 15.986 )

[node name="North Passage" parent="Maze" instance=ExtResource( 9 )]
transform = Transform( -4.37114e-08, 0, 1, 0, 1, 0, -1, 0, -4.37114e-08, 11.6, 0, 0 )

[node name="Chasm\'s Edge" parent="Maze" instance=ExtResource( 10 )]
transform = Transform( -0.612836, 0, -0.642788, 0, 1, 0, 0.51423, 0, -0.766044, -20.8, 0, -24.6 )

[node name="Dead End" parent="Maze" instance=ExtResource( 11 )]
transform = Transform( -0.965926, 0, 0.258819, 0, 1, 0, -0.258819, 0, -0.965926, 12, 0, -46 )

[node name="North Chamber" parent="Maze" instance=ExtResource( 13 )]
transform = Transform( -0.866025, 0, -0.5, 0, 1, 0, 0.5, 0, -0.866025, 53, 0, -23 )

[node name="Reverse Chamber" parent="Maze" instance=ExtResource( 19 )]
transform = Transform( -0.866026, 0, 0.5, 0, 1, 0, -0.5, 0, -0.866026, 25.9, 0, 36.8 )

[node name="Lake" parent="Maze" instance=ExtResource( 20 )]
transform = Transform( 0.5, 0, -0.866025, 0, 1, 0, 0.866025, 0, 0.5, -7.4, 0, -45 )

[node name="Player" parent="." instance=ExtResource( 2 )]

[node name="torch" parent="." instance=ExtResource( 3 )]
transform = Transform( 1, 0, 0, 0, 0.99863, 0.052336, 0, -0.052336, 0.99863, -1.724, 0.299, -1 )

[node name="UI" type="CanvasLayer" parent="."]

[node name="Menu" parent="UI" instance=ExtResource( 4 )]
