[gd_scene load_steps=17 format=2]

[ext_resource path="res://Global.gd" type="Script" id=1]
[ext_resource path="res://Player/Player.gd" type="Script" id=2]
[ext_resource path="res://Torch/torch.tscn" type="PackedScene" id=3]
[ext_resource path="res://UI/Menu.tscn" type="PackedScene" id=4]
[ext_resource path="res://Rooms/Southwestern Passage.tscn" type="PackedScene" id=5]
[ext_resource path="res://Rooms/Western Passage.tscn" type="PackedScene" id=6]
[ext_resource path="res://Rooms/Eastern Passage.tscn" type="PackedScene" id=7]
[ext_resource path="res://Rooms/Cental Chamber.tscn" type="PackedScene" id=8]
[ext_resource path="res://Rooms/North Passage.tscn" type="PackedScene" id=9]
[ext_resource path="res://Rooms/Chasm's Edge.tscn" type="PackedScene" id=10]
[ext_resource path="res://Rooms/Dead End.tscn" type="PackedScene" id=11]

[sub_resource type="SpatialMaterial" id=6]
albedo_color = Color( 0, 0, 0, 1 )

[sub_resource type="PlaneMesh" id=2]
material = SubResource( 6 )
size = Vector2( 200, 200 )

[sub_resource type="ConvexPolygonShape" id=7]
points = PoolVector3Array( -100, 0, -100, -100, 0, 100, 100, 0, -100, 100, 0, 100 )

[sub_resource type="CapsuleShape" id=4]
radius = 0.5
height = 1.5

[sub_resource type="BoxShape" id=5]
extents = Vector3( 0.5, 0.1, 0.5 )

[node name="Game" type="Spatial"]
script = ExtResource( 1 )

[node name="Maze" type="Spatial" parent="."]

[node name="Ground" type="StaticBody" parent="Maze"]

[node name="MeshInstance" type="MeshInstance" parent="Maze/Ground"]
mesh = SubResource( 2 )

[node name="CSGBox" type="CSGBox" parent="Maze/Ground/MeshInstance"]
transform = Transform( -0.675655, 0, 0.737218, 0, 1, 0, -0.737218, 0, -0.675655, -24, 0, -20 )
operation = 2
use_collision = true
width = 18.063

[node name="CSGBox2" type="CSGBox" parent="Maze/Ground/MeshInstance"]
transform = Transform( -0.675655, 0, 0.737218, 0, 1, 0, -0.737218, 0, -0.675655, -15, 0, -26 )
operation = 2
use_collision = true
width = 18.063

[node name="Chasm" type="CSGCylinder" parent="Maze/Ground/MeshInstance"]
transform = Transform( 1, 0, 0, 0, 1, 0, 0, 0, 1, -23.795, 0, -26.95 )
operation = 2
use_collision = true
radius = 8.668
height = 2.659
sides = 15

[node name="CollisionShape" type="CollisionShape" parent="Maze/Ground"]
shape = SubResource( 7 )

[node name="Cental Chamber2" parent="Maze" instance=ExtResource( 8 )]

[node name="Southwestern Passage" parent="Maze" instance=ExtResource( 5 )]
transform = Transform( 0.766044, 0, 0.642788, 0, 1, 0, -0.642788, 0, 0.766044, -10.631, 0, -12.206 )

[node name="Western Passage" parent="Maze" instance=ExtResource( 6 )]
transform = Transform( -0.965926, 0, 0.258819, 0, 1, 0, -0.258819, 0, -0.965926, 3.893, 0, -15.839 )

[node name="Snake Tunnel Connection" type="Node2D" parent="Maze/Western Passage"]

[node name="CSGBox2" type="CSGBox" parent="Maze/Western Passage/Snake Tunnel Connection"]
transform = Transform( 0.0270844, 0, -0.999633, 0, 1, 0, 0.999633, 0, 0.0270844, 22.7851, 2.76135, -30.7906 )
use_collision = true
width = 5.0
height = 6.0
depth = 6.0

[node name="CSGBox2" type="CSGBox" parent="Maze/Western Passage/Snake Tunnel Connection/CSGBox2"]
transform = Transform( 1, 0, 0, 0, 1, 0, 0, 0, 1, 0, -0.0999999, 0 )
operation = 2
width = 4.6
height = 5.6
depth = 21.0

[node name="CSGBox3" type="CSGBox" parent="Maze/Western Passage/Snake Tunnel Connection"]
transform = Transform( -0.257723, 0, -0.966218, 0, 1, 0, 0.966218, 0, -0.257723, 27.8873, 2.76135, -30.3006 )
use_collision = true
width = 5.0
height = 6.0
depth = 6.0

[node name="CSGBox2" type="CSGBox" parent="Maze/Western Passage/Snake Tunnel Connection/CSGBox3"]
transform = Transform( 1, 0, 0, 0, 1, 0, 0, 0, 1, 0, -0.0999999, 0 )
operation = 2
width = 4.6
height = 5.6
depth = 21.0

[node name="CSGBox4" type="CSGBox" parent="Maze/Western Passage/Snake Tunnel Connection"]
transform = Transform( -0.606418, 0, -0.795146, 0, 1, 0, 0.795146, 0, -0.606418, 31.45, 2.8, -28.3 )
use_collision = true
width = 5.0
height = 6.0
depth = 6.0

[node name="CSGBox2" type="CSGBox" parent="Maze/Western Passage/Snake Tunnel Connection/CSGBox4"]
transform = Transform( 1, 0, 0, 0, 1, 0, 0, 0, 1, 0, -0.0999999, 0 )
operation = 2
width = 4.6
height = 5.6
depth = 21.0

[node name="CSGBox5" type="CSGBox" parent="Maze/Western Passage/Snake Tunnel Connection"]
transform = Transform( -0.766045, 0, -0.642787, 0, 1, 0, 0.642787, 0, -0.766045, 35.9652, 2.8, -24.1768 )
use_collision = true
width = 5.0
height = 6.0
depth = 8.0

[node name="CSGBox2" type="CSGBox" parent="Maze/Western Passage/Snake Tunnel Connection/CSGBox5"]
transform = Transform( 1, 0, 0, 0, 1, 0, 0, 0, 1, 0, -0.0999999, 0 )
operation = 2
width = 4.6
height = 5.6
depth = 21.0

[node name="Southeastern Passage" parent="Maze" instance=ExtResource( 5 )]
transform = Transform( -0.642788, 0, 0.766044, 0, 1, 0, -0.766044, 0, -0.642788, -12.137, 0, 10.6 )

[node name="Eastern Passage" parent="Maze" instance=ExtResource( 7 )]
transform = Transform( 0.984808, 0, 0.173648, 0, 1, 0, -0.173648, 0, 0.984808, 2.915, 0, 15.986 )

[node name="North Passage" parent="Maze" instance=ExtResource( 9 )]
transform = Transform( -4.37114e-08, 0, 1, 0, 1, 0, -1, 0, -4.37114e-08, 11.6, 0, 0 )

[node name="Chasm\'s Edge" parent="Maze" instance=ExtResource( 10 )]
transform = Transform( -0.612836, 0, -0.642788, 0, 1, 0, 0.51423, 0, -0.766044, -20.8, 0, -24.6 )

[node name="Dead End" parent="Maze" instance=ExtResource( 11 )]
transform = Transform( -0.965926, 0, 0.258819, 0, 1, 0, -0.258819, 0, -0.965926, 12, 0, -46 )

[node name="Player" type="KinematicBody" parent="."]
script = ExtResource( 2 )

[node name="Body" type="CollisionShape" parent="Player"]
transform = Transform( 1, 0, 0, 0, -4.37114e-08, -1, 0, 1, -4.37114e-08, 0, 1.3, 0 )
shape = SubResource( 4 )

[node name="Feet" type="CollisionShape" parent="Player"]
transform = Transform( 1, 0, 0, 0, 1, 0, 0, 0, 1, 0, 0.3, 0 )
shape = SubResource( 5 )

[node name="Pivot" type="Spatial" parent="Player"]
transform = Transform( 1, 0, 0, 0, 1, 0, 0, 0, 1, 0, 2, 0 )

[node name="Camera" type="Camera" parent="Player/Pivot"]
current = true

[node name="torch" parent="." instance=ExtResource( 3 )]
transform = Transform( 1, 0, 0, 0, 0.99863, 0.052336, 0, -0.052336, 0.99863, -1.724, 0.299, -1 )

[node name="UI" type="CanvasLayer" parent="."]

[node name="Menu" parent="UI" instance=ExtResource( 4 )]
