[gd_scene load_steps=6 format=2]

[ext_resource path="res://Assets/Materials/Walls/Rock035_1K_Roughness.jpg" type="Texture" id=1]
[ext_resource path="res://Assets/Materials/Walls/Rock035_1K_NormalGL.jpg" type="Texture" id=2]
[ext_resource path="res://Assets/Materials/Walls/Rock035_1K_Color.jpg" type="Texture" id=3]
[ext_resource path="res://Rooms/Crystal.tscn" type="PackedScene" id=4]

[sub_resource type="SpatialMaterial" id=9]
albedo_texture = ExtResource( 3 )
roughness_texture = ExtResource( 1 )
normal_enabled = true
normal_scale = 1.0
normal_texture = ExtResource( 2 )

[node name="Connection Tunnel" type="Spatial"]

[node name="CSGBox2" type="CSGBox" parent="."]
transform = Transform( 1, 0, 0, 0, 1, 0, 0, 0, 1, 0, 2.761, -10 )
use_collision = true
width = 5.0
height = 6.0
depth = 6.0
material = SubResource( 9 )

[node name="CSGBox2" type="CSGBox" parent="CSGBox2"]
transform = Transform( 1, 0, 0, 0, 1, 0, 0, 0, 1, 0, -0.0999999, 0 )
operation = 2
width = 4.6
height = 5.6
depth = 21.0
material = SubResource( 9 )

[node name="CSGBox3" type="CSGBox" parent="."]
transform = Transform( 0.939692, 0, 0.34202, 0, 1, 0, -0.34202, 0, 0.939692, -1, 2.761, -14.8 )
use_collision = true
width = 5.0
height = 6.0
depth = 6.0
material = SubResource( 9 )

[node name="CSGBox2" type="CSGBox" parent="CSGBox3"]
transform = Transform( 1, 0, 0, 0, 1, 0, 0, 0, 1, 0, -0.0999999, 0 )
operation = 2
width = 4.6
height = 5.6
depth = 21.0
material = SubResource( 9 )

[node name="CSGBox4" type="CSGBox" parent="."]
transform = Transform( 0.766044, 0, 0.642787, 0, 1, 0, -0.642787, 0, 0.766044, -3.5, 2.8, -19 )
use_collision = true
width = 5.0
height = 6.0
depth = 6.0
material = SubResource( 9 )

[node name="CSGBox2" type="CSGBox" parent="CSGBox4"]
transform = Transform( 1, 0, 0, 0, 1, 0, 0, 0, 1, 0, -0.0999999, 0 )
operation = 2
width = 4.6
height = 5.6
depth = 21.0
material = SubResource( 9 )

[node name="CSGBox5" type="CSGBox" parent="."]
transform = Transform( 0.5, 0, 0.866025, 0, 1, 0, -0.866025, 0, 0.5, -7, 2.8, -22 )
use_collision = true
width = 5.0
height = 6.0
depth = 6.0
material = SubResource( 9 )

[node name="CSGBox2" type="CSGBox" parent="CSGBox5"]
transform = Transform( 1, 0, 0, 0, 1, 0, 0, 0, 1, 0, -0.0999999, 0 )
operation = 2
width = 4.6
height = 5.6
depth = 21.0
material = SubResource( 9 )

[node name="CSGBox6" type="CSGBox" parent="."]
transform = Transform( 0.34202, 0, 0.939692, 0, 1, 0, -0.939692, 0, 0.34202, -11, 2.8, -24 )
use_collision = true
width = 5.0
height = 6.0
depth = 6.0
material = SubResource( 9 )

[node name="CSGBox2" type="CSGBox" parent="CSGBox6"]
transform = Transform( 1, 0, 0, 0, 1, 0, 0, 0, 1, 0, -0.0999999, 0 )
operation = 2
width = 4.6
height = 5.6
depth = 21.0
material = SubResource( 9 )

[node name="CSGBox7" type="CSGBox" parent="."]
transform = Transform( -4.37114e-08, 0, 1, 0, 1, 0, -1, 0, -4.37114e-08, -16, 2.8, -25 )
use_collision = true
width = 5.0
height = 6.0
depth = 6.0
material = SubResource( 9 )

[node name="CSGBox2" type="CSGBox" parent="CSGBox7"]
transform = Transform( 1, 0, 0, 0, 1, 0, 0, 0, 1, 0, -0.0999999, 0 )
operation = 2
width = 4.6
height = 5.6
depth = 21.0
material = SubResource( 9 )

[node name="CSGBox8" type="CSGBox" parent="."]
transform = Transform( -0.173648, 0, 0.984807, 0, 1, 0, -0.984807, 0, -0.173648, -21, 2.8, -24.5 )
use_collision = true
width = 5.0
height = 6.0
depth = 6.0
material = SubResource( 9 )

[node name="CSGBox2" type="CSGBox" parent="CSGBox8"]
transform = Transform( 1, 0, 0, 0, 1, 0, 0, 0, 1, 0, -0.0999999, 0 )
operation = 2
width = 4.6
height = 5.6
depth = 21.0
material = SubResource( 9 )

[node name="CSGBox9" type="CSGBox" parent="."]
transform = Transform( 0.984807, 0, 0.173648, 0, 1, 0, -0.173648, 0, 0.984807, -25.3, 2.8, -18.5 )
use_collision = true
width = 5.0
height = 6.0
depth = 15.0
material = SubResource( 9 )

[node name="CSGBox2" type="CSGBox" parent="CSGBox9"]
transform = Transform( 1, 0, 0, 0, 1, 0, 0, 0, 1, 0, -0.1, 3 )
operation = 2
width = 4.6
height = 5.6
depth = 20.0
material = SubResource( 9 )

[node name="CSGBox" type="CSGBox" parent="CSGBox9"]
transform = Transform( 1, 0, 0, 0, 1, 0, 0, 0, 1, 0.299999, 0, -5 )
operation = 2
width = 4.6
height = 5.6
depth = 4.6
material = SubResource( 9 )

[node name="Crystal" parent="." instance=ExtResource( 4 )]
transform = Transform( 1, 0, 0, 0, -1, -8.74228e-08, 0, 8.74228e-08, -1, 0, 6, -9 )

[node name="Crystal2" parent="." instance=ExtResource( 4 )]
transform = Transform( -4.37114e-08, -1, 4.37114e-08, 0, -4.37114e-08, -1, 1, -4.37114e-08, 1.91069e-15, -21, 3, -13 )

[node name="Crystal3" parent="." instance=ExtResource( 4 )]
transform = Transform( 0.5, 0.663414, 0.55667, 0, 0.642788, -0.766044, -0.866025, 0.383022, 0.321394, -29, 0, -25 )

[node name="Crystal4" parent="." instance=ExtResource( 4 )]
transform = Transform( -4.37114e-08, 0, -1, 0, 1, 0, 1, 0, -4.37114e-08, -10, -1.5, -25 )

[node name="Crystal5" parent="." instance=ExtResource( 4 )]
transform = Transform( -0.866026, 0.5, -2.18557e-08, 0, -4.37114e-08, -1, -0.5, -0.866026, 3.78552e-08, -7, 3, -17 )

[node name="Crystal6" parent="." instance=ExtResource( 4 )]
transform = Transform( 1, 0, 0, 0, -1, -8.74228e-08, 0, 8.74228e-08, -1, -20, 7, -25 )
