[gd_scene format=2]

[node name="Eastern Passage" type="Spatial"]

[node name="Base" type="CSGBox" parent="."]
transform = Transform( 1, 0, 0, 0, 1, 0, 0, 0, 1, 0, 2.8, 0 )
use_collision = true
width = 5.0
height = 6.0
depth = 15.0

[node name="Extra" type="CSGBox" parent="Base"]
transform = Transform( 1, 0, 0, 0, 1, 0, 0, 0, 1, 0, 0, 4 )
width = 5.0
height = 6.0
depth = 15.0

[node name="CSGBox2" type="CSGBox" parent="Base/Extra"]
transform = Transform( 1, 0, 0, 0, 1, 0, 0, 0, 1, 0, -0.1, -3 )
operation = 2
width = 4.6
height = 5.6
depth = 21.0

[node name="Right" type="CSGBox" parent="Base"]
transform = Transform( 0.642788, 0, 0.766044, 0, 1, 0, -0.766044, 0, 0.642788, 6.553, 0, 14.171 )
width = 5.0
height = 6.0
depth = 15.0

[node name="CSGBox2" type="CSGBox" parent="Base"]
transform = Transform( 1, 0, 0, 0, 1, 0, 0, 0, 1, 0, -0.0999999, 0 )
operation = 2
width = 4.6
height = 5.6
depth = 21.0

[node name="Left" type="CSGBox" parent="Base"]
transform = Transform( 0.642788, 0, -0.766044, 0, 1, 0, 0.766044, 0, 0.642788, -6.553, 0, 14.171 )
width = 5.0
height = 6.0
depth = 15.0

[node name="CSGBox4" type="CSGBox" parent="Base"]
transform = Transform( 0.642788, 0, -0.766044, 0, 1, 0, 0.766044, 0, 0.642788, -6.553, -0.0999999, 14.171 )
operation = 2
width = 4.6
height = 5.6
depth = 21.0

[node name="CSGBox3" type="CSGBox" parent="Base"]
transform = Transform( 0.642788, 0, 0.766044, 0, 1, 0, -0.766044, 0, 0.642788, 6.553, -0.0999999, 14.171 )
operation = 2
width = 4.6
height = 5.6
depth = 21.0
