[gd_scene load_steps=4 format=2]

[ext_resource path="res://Assets/Glyphs/NP Glyphs.png" type="Texture" id=1]
[ext_resource path="res://Rooms/North Passage.gd" type="Script" id=2]

[sub_resource type="BoxShape" id=1]
extents = Vector3( 0.7, 0.3, 0.1 )

[node name="North Passage" type="Spatial"]
script = ExtResource( 2 )

[node name="CSGBox" type="CSGBox" parent="."]
transform = Transform( 1, 0, 0, 0, 1, 0, 0, 0, 1, 0, 2.8, 0 )
use_collision = true
width = 5.0
height = 6.0
depth = 6.0

[node name="CSGBox2" type="CSGBox" parent="CSGBox"]
transform = Transform( 1, 0, 0, 0, 1, 0, 0, 0, 1, 0, -0.0999999, 0 )
operation = 2
width = 4.6
height = 5.6
depth = 21.0

[node name="CSGBox2" type="CSGBox" parent="."]
transform = Transform( 0.984808, 0, 0.173648, 0, 1, 0, -0.173648, 0, 0.984808, 0.337, 2.7, 5.63 )
use_collision = true
width = 5.0
height = 6.0
depth = 6.0

[node name="CSGBox2" type="CSGBox" parent="CSGBox2"]
transform = Transform( 1, 0, 0, 0, 1, 0, 0, 0, 1, 0, -0.0999999, 0 )
operation = 2
width = 4.6
height = 5.6
depth = 21.0

[node name="CSGBox3" type="CSGBox" parent="."]
transform = Transform( 0.866025, 0, 0.5, 0, 1, 0, -0.5, 0, 0.866025, 2.192, 2.7, 9.465 )
use_collision = true
width = 5.0
height = 6.0
depth = 6.0

[node name="CSGBox2" type="CSGBox" parent="CSGBox3"]
transform = Transform( 1, 0, 0, 0, 1, 0, 0, 0, 1, 0, -0.0999999, 0 )
operation = 2
width = 4.6
height = 5.6
depth = 21.0

[node name="Sprite3D" type="Sprite3D" parent="CSGBox3"]
transform = Transform( -2.38419e-07, 0, 2, 0, 3, 0, -3, 0, -1.19209e-07, -2.21, 0.293, 0.4 )
texture = ExtResource( 1 )

[node name="Area" type="Area" parent="CSGBox3/Sprite3D"]

[node name="CollisionShape" type="CollisionShape" parent="CSGBox3/Sprite3D/Area"]
transform = Transform( 1, 0, 0, 0, 1, 0, 1.19209e-07, 0, 1, -0.00277972, -0.02632, -0.0414691 )
shape = SubResource( 1 )

[node name="OmniLight" type="OmniLight" parent="CSGBox3/Sprite3D"]
light_color = Color( 0, 1, 0.635294, 1 )
light_energy = 0.4
omni_range = 2.0
omni_attenuation = 0.164941

[node name="CSGBox4" type="CSGBox" parent="."]
transform = Transform( 0.642788, 0, 0.766044, 0, 1, 0, -0.766044, 0, 0.642788, 5.362, 2.7, 13.077 )
use_collision = true
width = 5.0
height = 6.0
depth = 6.0

[node name="CSGBox2" type="CSGBox" parent="CSGBox4"]
transform = Transform( 1, 0, 0, 0, 1, 0, 0, 0, 1, 0, -0.0999999, 0 )
operation = 2
width = 4.6
height = 5.6
depth = 21.0

[node name="CSGBox5" type="CSGBox" parent="."]
transform = Transform( 0.642788, 0, 0.766044, 0, 1, 0, -0.766044, 0, 0.642788, 9.57, 2.7, 16.599 )
use_collision = true
width = 5.0
height = 6.0
depth = 6.0

[node name="CSGBox2" type="CSGBox" parent="CSGBox5"]
transform = Transform( 1, 0, 0, 0, 1, 0, 0, 0, 1, 0, -0.0999999, 0 )
operation = 2
width = 4.6
height = 5.6
depth = 21.0

[node name="CSGBox6" type="CSGBox" parent="."]
transform = Transform( 0.866025, 0, 0.5, 0, 1, 0, -0.5, 0, 0.866025, 12.844, 2.8, 20.356 )
use_collision = true
width = 5.0
height = 6.0
depth = 6.0

[node name="CSGBox2" type="CSGBox" parent="CSGBox6"]
transform = Transform( 1, 0, 0, 0, 1, 0, 0, 0, 1, 0, -0.0999999, 0 )
operation = 2
width = 4.6
height = 5.6
depth = 21.0

[connection signal="body_entered" from="CSGBox3/Sprite3D/Area" to="." method="_on_Area_body_entered"]
