[gd_scene load_steps=11 format=2]

[ext_resource path="res://Assets/Materials/Walls/Rock035_1K_Roughness.jpg" type="Texture" id=1]
[ext_resource path="res://Rooms/Gold Bars.tscn" type="PackedScene" id=2]
[ext_resource path="res://Assets/Materials/Walls/Rock035_1K_NormalGL.jpg" type="Texture" id=3]
[ext_resource path="res://Assets/Materials/Walls/Rock035_1K_Color.jpg" type="Texture" id=4]
[ext_resource path="res://Rooms/Diamond.tscn" type="PackedScene" id=5]
[ext_resource path="res://Rooms/Crystal.tscn" type="PackedScene" id=9]
[ext_resource path="res://Assets/Glyphs/TR Glyph.png" type="Texture" id=10]
[ext_resource path="res://Rooms/Treasure Room.gd" type="Script" id=11]

[sub_resource type="SpatialMaterial" id=1]
albedo_texture = ExtResource( 4 )
roughness_texture = ExtResource( 1 )
normal_enabled = true
normal_scale = 1.0
normal_texture = ExtResource( 3 )

[sub_resource type="BoxShape" id=3]
extents = Vector3( 0.7, 0.3, 0.1 )

[node name="Treasure Room" type="Spatial"]
script = ExtResource( 11 )

[node name="CSGTorus" type="CSGTorus" parent="."]
transform = Transform( 3, 0, 0, 0, 100, 0, 0, 0, 3, 0, 1.5, 0 )
use_collision = true
inner_radius = 2.9
sides = 25
ring_sides = 10
material = SubResource( 1 )

[node name="Gold" parent="." instance=ExtResource( 2 )]

[node name="2nd Tier2" parent="Gold" instance=ExtResource( 2 )]
transform = Transform( 0.8, 0, 0, 0, 0.8, 0, 0, 0, 0.8, -0.95, 0, 0 )

[node name="2nd Tier" parent="Gold" instance=ExtResource( 2 )]
transform = Transform( 0.8, 0, 0, 0, 0.8, 0, 0, 0, 0.8, 0.95, 0, 0 )

[node name="3rd Tier" parent="Gold" instance=ExtResource( 2 )]
transform = Transform( 0.6, 0, 0, 0, 0.6, 0, 0, 0, 0.6, 1.65, 0, 0 )

[node name="3rd Tier2" parent="Gold" instance=ExtResource( 2 )]
transform = Transform( 0.6, 0, 0, 0, 0.6, 0, 0, 0, 0.6, -1.65, 0, 0 )

[node name="4th Tier" parent="Gold" instance=ExtResource( 2 )]
transform = Transform( 0.4, 0, 0, 0, 0.4, 0, 0, 0, 0.4, 2.16, 0, 0 )

[node name="4th Tier2" parent="Gold" instance=ExtResource( 2 )]
transform = Transform( 0.4, 0, 0, 0, 0.4, 0, 0, 0, 0.4, -2.16, 0, 0 )

[node name="5th Tier" parent="Gold" instance=ExtResource( 2 )]
transform = Transform( 0.2, 0, 0, 0, 0.2, 0, 0, 0, 0.2, 2.48, 0, 0 )

[node name="5th Tier2" parent="Gold" instance=ExtResource( 2 )]
transform = Transform( 0.2, 0, 0, 0, 0.2, 0, 0, 0, 0.2, -2.48, 0, 0 )

[node name="Diamond" parent="." instance=ExtResource( 5 )]

[node name="Crystal" parent="." instance=ExtResource( 9 )]
transform = Transform( -4.37114e-08, -0.5, -0.866025, 0, 0.866025, -0.5, 1, -2.18557e-08, -3.78552e-08, 9, -1, 0 )

[node name="Crystal2" parent="." instance=ExtResource( 9 )]
transform = Transform( -0.642788, 0.766044, 3.34849e-08, 0, -4.37114e-08, 1, 0.766044, 0.642788, 2.80971e-08, -6, 3, -7 )

[node name="Crystal3" parent="." instance=ExtResource( 9 )]
transform = Transform( -0.459627, -0.385673, -1.68583e-08, 0, -2.62268e-08, 0.6, -0.385673, 0.459627, 2.00909e-08, 6, 2, -7 )

[node name="Crystal4" parent="." instance=ExtResource( 9 )]
transform = Transform( -4.37114e-08, 0.939693, 0.34202, 0, -0.34202, 0.939693, 1, 4.10753e-08, 1.49502e-08, -10, 4, 0 )

[node name="Crystal5" parent="." instance=ExtResource( 9 )]
transform = Transform( -1, -4.37114e-08, 7.57103e-08, 0, 0.866025, 0.5, -8.74228e-08, 0.5, -0.866025, 0, -1, -9 )

[node name="Crystal6" parent="." instance=ExtResource( 9 )]
transform = Transform( -0.642788, -0.766044, 3.34849e-08, 0, -4.37114e-08, -1, 0.766044, -0.642788, 2.80971e-08, 6, 1.5, 8 )

[node name="Crystal7" parent="." instance=ExtResource( 9 )]
transform = Transform( -0.866026, 0.492404, -0.0868241, 0, -0.173648, -0.984808, -0.5, -0.852869, 0.150384, -6, 4, 8 )

[node name="OmniLight" type="OmniLight" parent="."]
transform = Transform( 1, 0, 0, 0, 1, 0, 0, 0, 1, 0, 1.5, 0 )
light_color = Color( 1, 0.94902, 0.54902, 1 )
light_energy = 12.0
omni_range = 3.5

[node name="OmniLight2" type="OmniLight" parent="."]
light_color = Color( 0, 1, 0.623529, 1 )
light_energy = 4.0
omni_range = 13.483

[node name="Sprite3D" type="Sprite3D" parent="."]
transform = Transform( -2, 0, -1.74846e-07, 0, 2, 0, 1.74846e-07, 0, -2, 0, 2, 8.5 )
texture = ExtResource( 10 )

[node name="OmniLight" type="OmniLight" parent="Sprite3D"]
transform = Transform( 1, 0, 0, 0, 1, 0, 0, 0, 1, 0, 0, 0.001 )
light_color = Color( 0.662745, 0.635294, 0.211765, 1 )
light_energy = 3.0
omni_range = 1.7
omni_attenuation = 0.164941

[node name="TR Sprite" type="Area" parent="Sprite3D"]
transform = Transform( 2, 0, 0, 0, 1, 0, 0, 0, 1, 0, 0, 0 )

[node name="CollisionShape" type="CollisionShape" parent="Sprite3D/TR Sprite"]
transform = Transform( 1, 0, 0, 0, 1, 0, 1.19209e-07, 0, 1, -0.00277972, -0.02632, -0.0414691 )
shape = SubResource( 3 )

[connection signal="body_entered" from="Sprite3D/TR Sprite" to="." method="_on_TR_Sprite_body_entered"]
